 -0.31400000E+01  0.00000000E+00
 -0.30778218E+01  0.00000000E+00
 -0.30156436E+01  0.00000000E+00
 -0.29534653E+01  0.00000000E+00
 -0.28912871E+01  0.00000000E+00
 -0.28291089E+01  0.00000000E+00
 -0.27669307E+01  0.00000000E+00
 -0.27047525E+01  0.00000000E+00
 -0.26425743E+01  0.00000000E+00
 -0.25803960E+01  0.00000000E+00
 -0.25182178E+01  0.00000000E+00
 -0.24560396E+01  0.00000000E+00
 -0.23938614E+01  0.00000000E+00
 -0.23316832E+01  0.00000000E+00
 -0.22695050E+01  0.00000000E+00
 -0.22073267E+01  0.00000000E+00
 -0.21451485E+01  0.00000000E+00
 -0.20829703E+01  0.00000000E+00
 -0.20207921E+01  0.00000000E+00
 -0.19586139E+01  0.00000000E+00
 -0.18964356E+01  0.00000000E+00
 -0.18342574E+01  0.00000000E+00
 -0.17720792E+01  0.00000000E+00
 -0.17099010E+01  0.00000000E+00
 -0.16477228E+01  0.00000000E+00
 -0.15855446E+01  0.00000000E+00
 -0.15233663E+01  0.00000000E+00
 -0.14611881E+01  0.00000000E+00
 -0.13990099E+01  0.00000000E+00
 -0.13368317E+01  0.00000000E+00
 -0.12746535E+01  0.00000000E+00
 -0.12124752E+01  0.00000000E+00
 -0.11502970E+01  0.00000000E+00
 -0.10881188E+01  0.00000000E+00
 -0.10259406E+01  0.00000000E+00
 -0.96376238E+00  0.00000000E+00
 -0.90158416E+00  0.00000000E+00
 -0.83940594E+00  0.00000000E+00
 -0.77722772E+00  0.00000000E+00
 -0.71504950E+00  0.00000000E+00
 -0.65287129E+00  0.00000000E+00
 -0.59069307E+00  0.00000000E+00
 -0.52851485E+00  0.39859250E-02
 -0.46633663E+00  0.11957775E-01
 -0.40415842E+00  0.23852034E-01
 -0.34198020E+00  0.18710613E+00
 -0.27980198E+00  0.38459839E+00
 -0.21762376E+00  0.62725610E+00
 -0.15544554E+00  0.11672971E+01
 -0.93267327E-01  0.21798337E+01
 -0.31089109E-01  0.26203776E+01
  0.31089109E-01  0.27620681E+01
  0.93267327E-01  0.24677281E+01
  0.15544554E+00  0.19041614E+01
  0.21762376E+00  0.11654629E+01
  0.27980198E+00  0.46876547E+00
  0.34198020E+00  0.77005246E-01
  0.40415842E+00  0.14489122E-01
  0.46633663E+00  0.84286517E-02
  0.52851485E+00  0.63214888E-02
  0.59069307E+00  0.21071629E-02
  0.65287129E+00  0.00000000E+00
  0.71504950E+00  0.00000000E+00
  0.77722772E+00  0.00000000E+00
  0.83940594E+00  0.00000000E+00
  0.90158416E+00  0.00000000E+00
  0.96376238E+00  0.00000000E+00
  0.10259406E+01  0.00000000E+00
  0.10881188E+01  0.00000000E+00
  0.11502970E+01  0.00000000E+00
  0.12124752E+01  0.00000000E+00
  0.12746535E+01  0.00000000E+00
  0.13368317E+01  0.00000000E+00
  0.13990099E+01  0.00000000E+00
  0.14611881E+01  0.00000000E+00
  0.15233663E+01  0.00000000E+00
  0.15855446E+01  0.00000000E+00
  0.16477228E+01  0.00000000E+00
  0.17099010E+01  0.00000000E+00
  0.17720792E+01  0.00000000E+00
  0.18342574E+01  0.00000000E+00
  0.18964356E+01  0.00000000E+00
  0.19586139E+01  0.00000000E+00
  0.20207921E+01  0.00000000E+00
  0.20829703E+01  0.00000000E+00
  0.21451485E+01  0.00000000E+00
  0.22073267E+01  0.00000000E+00
  0.22695050E+01  0.00000000E+00
  0.23316832E+01  0.00000000E+00
  0.23938614E+01  0.00000000E+00
  0.24560396E+01  0.00000000E+00
  0.25182178E+01  0.00000000E+00
  0.25803960E+01  0.00000000E+00
  0.26425743E+01  0.00000000E+00
  0.27047525E+01  0.00000000E+00
  0.27669307E+01  0.00000000E+00
  0.28291089E+01  0.00000000E+00
  0.28912871E+01  0.00000000E+00
  0.29534653E+01  0.00000000E+00
  0.30156436E+01  0.00000000E+00
  0.30778218E+01  0.00000000E+00
